"","GroupSize","logGroupSize","Age_ChildTeen","Gender_Female","Gender_Unknown","OC_Load","OC_StrWhe","OC_SkaSco","OC_Bicycle","OC_Distracted","CWNum1","CDirAppr","RTQueue","VehType2_Small","VehType2_Large","PRCP_01","TEMP","TEMP_5065","TEMP_6580","TEMP_8095","Weekday_M_F","Weekend","TOD2_0611","TOD2_1805","AMPeak","PMPeak","PEDCP_ped_FDW","PEDCP_ped_SDW","VEHCP_veh_Y","VEHCP_veh_R","CURB_RAD","CW_DIST","SB_DIST","RAMPS_2","CRType_Dire","CRType_Blen","CWType_Cont","CWType_None","RT_LNS_05","RT_LNS_2","REC_LNS_1","CHANNEL","Skewed","EXTENSION","RTOR","Street.Lt","BIKE_LN","AADP0100","logAADP","AADT1000","logAADT","RTNotSig","OnRamp","OffRamp","popden_000_qtmi","empden_000_qtmi","per_res_qtmi","per_com_qtmi","per_ind_qtmi","per_vac_qtmi","per_other_qtmi","intden_qtmi","per4wy_qtmi","stops_qtmi","worship_qtmi","schools_qtmi","park_acre_qtmi","income_000_qtmi","avgveh_qtmi","hhsize_qtmi"
"GroupSize",1,0.740139710453072,0.245644986188332,0.193048634378389,-0.0467911493090305,-0.0231756115288979,-0.00737605441683639,-0.028661001525176,-0.0532917109806235,0.45817466643966,-0.0405845125373507,0.0320987664919872,0.0247186054122442,0.00136295271563957,0.0806568845519181,-0.0223540958947775,-0.101120295204491,-0.0488095874051566,-0.0723237715135862,-0.0402049830542506,-0.065063565813121,NA,0.0524564963942129,-0.02586392293642,0.141203629585587,-0.0447625891475231,0.0297073241585366,0.0499715513651285,0.0158505755171795,-0.0333800453228529,-0.107639927993875,-0.0713776014426329,-0.0104069795910773,-0.067358072771656,-0.0946095662811209,-0.0070617147057915,0.203343880697869,-0.00401063697273211,-0.0601015872219197,-0.0204388319465128,-0.0571993247510074,-0.0380250624585342,-0.0352269739617678,NA,NA,NA,0.203925534310313,0.000559999429253307,0.0425218939195541,-0.0502426580456474,-0.0674195090815752,-0.0313501217153239,-0.0475778308227901,-0.0167495783942997,0.0191313916543386,-0.0637885998737546,0.155582032721328,-0.118382940105936,-0.0487394094356623,-0.0426782650937015,0.0867369972473283,-0.09775306678747,0.0379960922183,0.0864697137912373,0.202054032321871,0.233876157097614,-0.0406999409256315,0.1773581857643,-0.033599164516117,0.050243551058886
"logGroupSize",0.740139710453072,1,0.388402085988096,0.348017746508249,-0.0588650497246943,-0.0458016652696907,0.00158893347231494,-0.0453940805867779,-0.106285877023242,0.562717996859159,-0.0168663433735035,0.0299508858166409,0.0181876984401789,-0.0157405710257026,0.0798464723474464,-0.048631975040686,-0.142934514523197,-0.0398532976030362,-0.101671716664523,-0.0643094355147268,-0.0733260025948964,NA,0.0677588807238864,0.0162672875268735,0.166987197064398,-0.0399802712926491,0.0511474821662106,0.0207851028773069,0.0285052525096482,-0.0232730764244951,-0.183272278305494,-0.05607341240614,0.0225122510980351,-0.131268098155673,-0.173239101085342,0.0610998862409115,0.218753466263912,-0.00983688070752461,-0.048425093977893,-0.0378988636506335,-0.105876201096013,-0.0502318891463811,-0.0301276066726163,NA,NA,NA,0.246669388918395,0.0496575332200775,0.0836619150172624,-0.0993180562532489,-0.149930322137651,-0.0356916745160778,-0.0913771979424627,-0.0119762681995422,0.0814591923861251,-0.0415919130847539,0.233402399381598,-0.17007693603228,-0.0974332373617361,-0.013073773276343,0.123845849994763,-0.115729847346421,0.050541556208779,0.100423411893139,0.332386254457832,0.26611008712735,-0.0150713365084877,0.243998271146832,-0.0517588950683466,0.0861451692642941
"Age_ChildTeen",0.245644986188332,0.388402085988096,1,0.186204000427918,-0.170093205200169,-0.0685326974533279,-0.0467733905966667,0.068156918504312,-0.104956384935552,0.320013098383762,-0.0111262003658371,0.110494639074942,0.0155583936891018,0.0216819635795672,0.0115173390244448,-0.039646493887711,-0.0972592129350346,-0.0380574391354762,-0.103152605313198,-0.0466780608979057,-0.104185353987935,NA,0.0853729394916983,-0.0473853721017051,0.190206096043074,-0.0583310442106726,0.0252828665609804,0.0528853654618518,0.085407801074102,-0.0589094788513954,-0.128700163303817,-0.202982896985902,-0.0482131366062849,-0.115258764023699,-0.125870337107942,-0.117634126392693,0.363510344851991,0.0524177830597762,-0.0511613146913198,-0.0200218213094241,-0.0414654447345749,-0.00397726637586033,0.0126035577379761,NA,NA,NA,0.384111421730555,-0.0928728840982546,0.0149215209025456,-0.0752712757574567,-0.12712081785379,0.00611105489504283,-0.0730577483753937,0.0111929309190467,-0.0510011500986037,-0.280781759311806,0.350688237981266,-0.262627639742994,-0.0843447636926607,-0.0592907458730359,0.170432457651286,-0.185918489747695,-0.00725306703706255,0.140065072094299,0.326182105136018,0.468731842460331,-0.0468115673499161,0.382368822983603,-0.0305810591286995,0.220238693496781
"Gender_Female",0.193048634378389,0.348017746508249,0.186204000427918,1,-0.265426108261724,0.022889382583006,0.0293353754813436,-0.105789744180307,-0.198088460571415,0.180127543666745,-0.0469880830368312,0.11886620129025,-0.00753071018915244,-0.0176218574151776,0.0408485882053371,0.00744491400002458,-0.0293614161577893,0.0306163409097514,-0.10823519033126,0.0554215070085652,-0.0127128914150924,NA,-0.00158226745823522,-0.0455696458591518,0.0626100021469791,0.0226909789590009,0.055973368859175,-0.00313700119186016,0.0684454317884082,-0.049881765041235,-0.149799731341153,-0.0863498281028794,-0.0224984890656485,-0.110278266943977,-0.131951858063127,0.0882216467886327,0.0828665211011296,-0.0162409107349658,-0.0193414212547973,-0.0394616806495209,-0.0582947618653152,-0.0885543344736647,-0.0519850400996785,NA,NA,NA,0.183282245344482,0.0806307569778834,0.0796017369106575,-0.0510572559883485,-0.0547765129260853,-0.077281919103647,-0.0623029551980586,-0.00217485299639115,0.129887254598054,-0.0291017726449645,0.108219768924167,-0.106342542908041,-0.0311330178605975,-0.0690679198609353,0.110112597049035,-0.125719766115728,0.0738695094493298,0.0864609088715205,0.233839551941598,0.109937515870717,0.0515035258239456,0.116961855008022,0.0275698848573901,0.0580354315144891
"Gender_Unknown",-0.0467911493090305,-0.0588650497246943,-0.170093205200169,-0.265426108261724,1,-0.0135359885055547,0.0781252932906041,0.022416993983146,-0.0085235872144167,-0.08376824561003,0.0987741403485027,-0.0141205967863535,-0.0905580950838924,-0.0104772540916747,-0.0387636130939017,0.00358250722529193,-0.184517526154308,-0.0230801029623463,-0.0886250992723612,-0.0760905037139951,-0.102495007366195,NA,-0.0406901091294709,0.157212830843686,-0.0212712587609628,0.0441385567652563,-0.000488706146956281,0.024269341326988,-0.0301679842440983,0.0958101178173908,0.13081107665004,0.0253963186357217,-0.032802307800721,-0.0294335537886708,0.131611768755236,-0.0546218857134777,0.106659740342719,-0.010524853527374,0.147339701258873,0.0130481483702818,0.164947569511147,0.252852499627942,0.186643199010698,NA,NA,NA,-0.155272592194266,-0.016855851285146,-0.124317753305869,-0.00538105639274868,0.0287931411339087,0.272976628053025,0.238234696634902,-0.00728321281783901,-0.0991935889223077,0.0866435800583712,-0.141741856625626,0.103009517033748,-0.0364556246479161,0.195595347457511,-0.150816616959006,0.208744642739765,-0.112881063620276,-0.149988611048621,-0.108833061589313,-0.143243405562862,0.105330950462605,-0.00812271404809707,-0.0424096642285454,-0.146868061485102
"OC_Load",-0.0231756115288979,-0.0458016652696907,-0.0685326974533279,0.022889382583006,-0.0135359885055547,1,-0.0196747546003195,-0.0463432632727826,0.00626748933247003,-0.0427828071678367,-0.0789897728371478,-0.0537854022168955,-0.0199904700267553,0.00254204184018633,0.00623408968717745,0.0344728948247241,0.00435496708869679,-0.00727331087939203,0.022889382583006,-0.0213799420366893,0.0312075441672036,NA,-0.0256288833600677,-0.0295467354245016,0.0173839633305658,0.0740283700374321,-0.0170108417062146,-0.0149655938460962,-0.0137234054840254,-0.0794015476325905,0.0356702734150856,-0.0147399487034776,-0.0114254101752572,0.0217623659945949,0.0411488133212422,-0.0328495792351359,-0.00868328137888605,-0.0048961291886367,0.0544788368807436,-0.0305283187623692,0.0270082854358281,0.00976253218208182,0.00387249407543083,NA,NA,NA,-0.0496840684365932,-0.0127051003741099,-0.0127199354399262,-0.0287363096049595,-0.0246517567003983,0.0268331891973673,0.0505913713899139,-0.0399442458191038,-0.0228257618502827,0.0299019176329247,0.00332653976919098,0.030032929548606,-0.00884519911744824,0.0441630989648909,-0.0643651427608127,0.041131516859971,-0.0531398018369554,-0.022093073808281,-0.0519845943697745,-0.0423230734594453,0.0257504159805065,0.00313681117444053,-0.0644576038863322,0.0239631256315724
"OC_StrWhe",-0.00737605441683639,0.00158893347231494,-0.0467733905966667,0.0293353754813436,0.0781252932906041,-0.0196747546003195,1,-0.0232065854890654,-0.0416968402289285,-0.021423672005111,-0.0361210824840674,0.000375418755067829,0.0599481219673301,-0.0171327908090969,-0.0208019204737127,-0.0150799909094582,0.036799102162473,-0.00891366147422961,0.00230727672325174,0.0516909929022351,-0.0136922998797128,NA,-0.0145522064801079,0.0277978934859523,-0.0335326375507422,-0.0195156343214446,0.0397728710791657,-0.0219546204187979,0.0592789306869245,-0.0255834775719296,-0.0584940132790243,-0.0104646473985736,0.0188472353925827,-0.00265705454989177,-0.0212838447800408,-0.0117285405724466,-0.0461969664713773,-0.00245175744126625,0.0142827452835668,-0.0152871850008982,-0.0432805743855342,-0.0355010540486227,-0.00385572143823273,NA,NA,NA,-0.0178265458142186,0.0464940059734966,0.0428210926447323,-0.00667880079544334,-0.0051888509818436,-0.0312617600265607,-0.0353933235644266,-0.0200022503797587,0.0268794400779375,0.00909591589331638,0.06267320163555,-0.0148845662240194,-0.0296765390211273,-0.0367755568169622,-0.0266725549164119,0.0458710467184479,-0.0258648723534744,0.0409457985865635,0.0290463694001542,-0.0341899934475288,0.0951530830505839,0.0241715275493935,-0.0121628671011992,-0.0337203060240021
"OC_SkaSco",-0.028661001525176,-0.0453940805867779,0.068156918504312,-0.105789744180307,0.022416993983146,-0.0463432632727826,-0.0232065854890654,1,-0.0982155906707477,-0.050462783001445,0.0543851082226799,-0.0439022499231551,0.053208987446442,-0.00978684731578068,-0.0078948614186234,-0.035520442468789,0.00845151674636446,-0.0337580303954232,0.014048059622631,0.0262043638217409,-0.0100278643889003,NA,0.0114857635168159,0.0250353466415631,-0.0427006115481648,-0.0161201614804641,0.0136776456619775,-0.00649599028856572,-0.022433145914447,0.0266154725672231,0.0245593521112138,-0.0247752864671758,0.0162799452672477,0.0493746326525194,0.0175186125836003,-0.0397930429431005,-0.0800552359428456,-0.00577503724390854,-0.0728044510679917,0.000557406836059844,-0.00434884262011383,0.0117948257198007,-0.00609515924602337,NA,NA,NA,-0.0393932074607591,-0.0358762821476895,-0.0738475843700119,0.0118690080916723,0.00702204085663486,0.0127604668846011,-0.0225053449612846,-0.00450360808923937,-0.0643687698848582,0.0101165391986188,-0.0402807820063827,0.0581706785173059,-0.0104631317704352,-0.0484059173169883,0.0842801610647132,0.0150617250261522,0.0376053147837801,-0.0645116724134391,-0.0717926689361792,-0.0345751618405875,-0.0326499881920005,-0.00762829745697707,0.0368405695967677,-0.00290816377396273
"OC_Bicycle",-0.0532917109806235,-0.106285877023242,-0.104956384935552,-0.198088460571415,-0.0085235872144167,0.00626748933247003,-0.0416968402289285,-0.0982155906707477,1,-0.0906698920144793,-0.04143572238219,-0.0628481707253335,-0.0172945515844432,0.00122158674551323,-0.0199894171878779,-0.0178241563302369,0.205946901053237,0.0435520454789974,0.106949168853111,0.105911556859239,0.0174766682160266,NA,-0.0560893213293117,0.0196078431372549,-0.0630745824828437,0.00741233940247484,-0.0965815875096208,0.0434352982449508,-0.0601071521420736,-0.0145173376018241,0.117004328286679,-0.0269482748581801,-0.0619934817879542,0.116736550855207,0.136904430816795,-0.063306272633468,-0.11963088893049,-0.0103763996383194,-0.0107216375057453,0.00340520379047638,0.0871588035010732,-0.0479287650437265,0.0244774457683355,NA,NA,NA,0.0245038385481005,-0.0741780827023808,-0.0838237676898522,0.0381321553952788,0.056389043714146,-0.0548299015006852,0.0445329530979632,-0.0317452911704393,-0.0810687819862352,-0.0920251658375854,-0.0729783704588169,0.00968224587281973,0.128312216372096,-0.0792014309735015,-0.0458499380409793,-0.0567862489475058,-0.00835830040417241,-0.0697708813249515,-0.177307572832768,-0.0527940576818102,-0.0720027970798373,-0.109321679643087,0.0471466572536058,0.0565007293782946
"OC_Distracted",0.45817466643966,0.562717996859159,0.320013098383762,0.180127543666745,-0.08376824561003,-0.0427828071678367,-0.021423672005111,-0.050462783001445,-0.0906698920144793,1,-0.0753749425644491,0.0290903578732605,-0.039544258567161,-0.0179929410011499,0.043132439364134,-0.0327914810770552,-0.16403593269244,-0.0525724745434147,-0.141914505404945,-0.050433126354085,-0.10781158418817,NA,0.0873688137538179,-0.049268114838918,0.141600356736145,-0.0506871574806294,0.0641897470261039,0.0158205314011765,0.0361433809698686,-0.0425398608712567,-0.165698874947503,-0.124778043843957,-0.0364145024827015,-0.107301485857833,-0.159231355681271,-0.021144258840099,0.301441688988425,-0.00533135319666451,-0.124973083745616,-0.0332420251900806,-0.094113726227592,-0.0771971381840012,-0.0865104915152694,NA,NA,NA,0.310138208634333,-0.014693980523069,0.0533394255355318,-0.0798052013341159,-0.104521113870286,-0.0679787818508199,-0.0769628779543268,-0.0434949476272559,0.034766351793693,-0.055808131810045,0.233052396673013,-0.171490294297546,-0.0705099873705773,-0.0917097365035097,0.139398541474946,-0.140289021006212,0.0592065882547853,0.123406445414409,0.298811111269295,0.346874318873595,-0.0780440858417659,0.28404965596115,-0.0606191615440075,0.0612206975512581
"CWNum1",-0.0405845125373507,-0.0168663433735035,-0.0111262003658371,-0.0469880830368312,0.0987741403485027,-0.0789897728371478,-0.0361210824840674,0.0543851082226799,-0.04143572238219,-0.0753749425644491,1,-0.00654187528661501,-0.133446071082383,0.0111640792558589,-0.0413705408685827,0.032143464430489,-0.126703505703561,-0.0853573818327326,-0.0632661684150322,0.013502752908148,-0.024641018938446,NA,-0.0742069190981891,0.0506436606893434,0.0273841949330391,0.0382669731089578,-0.0471811701267615,0.176665317076578,0.0229271479616597,0.62814878521545,0.0805012923175083,0.189884642217722,0.0214908390255527,-0.230824876460583,-0.159369310214567,0.127146469204416,-0.178161387956365,0.0477682808942011,-0.135098774657174,0.297844531809548,-0.111259697346112,0.248652440248693,0.19088741647968,NA,NA,NA,-0.157768692358718,-0.0998992300064661,-0.147438603370135,0.122290734974067,-0.102013731070851,0.118793698585209,-0.184384868866451,0.389709478831228,-0.0342059242769804,0.0575277556522258,-0.0155715980895438,-0.139864762444296,0.0799839338774325,0.114912600196638,0.208737795821158,0.0905588164671699,0.0147108443122187,-0.226014207398953,0.0972982136398854,-0.125817225347858,-0.147957872244921,0.0482251238036183,0.232331004652623,0.0667171991396261
"CDirAppr",0.0320987664919872,0.0299508858166409,0.110494639074942,0.11886620129025,-0.0141205967863535,-0.0537854022168955,0.000375418755067829,-0.0439022499231551,-0.0628481707253335,0.0290903578732605,-0.00654187528661501,1,-0.0214657455361627,-0.0410593189094572,0.0204176255341237,0.0355955720176142,-0.0514343889791164,-0.0926881036401235,-0.00746891036565952,-0.00410611680544578,-0.111868782653841,NA,0.108816355291881,0.0112985475461274,0.155116162510374,-0.0250550594444211,0.292872936761212,0.0543588709599885,0.10964707533509,-0.0276808985089051,-0.0228017029089302,-0.0198619445730665,-0.00522072943902456,-0.0673051972942678,-0.0572477827067842,0.0352351229234167,0.155005987389656,-0.0190585421493571,0.0550701758126075,0.02362775738772,0.059287502919972,0.0341537503189864,0.0193136014604461,NA,NA,NA,0.116921414001279,0.00967622028615523,0.0220002319416278,0.0405916701056728,0.0316371403836007,0.0253914319702674,0.0397065745903015,-0.0122584886615585,0.0120375314354964,-0.0267705399793017,0.037928169509018,-0.0537254856579141,0.00928069793534139,-0.00822124588781233,0.0129608316211776,-0.0914324196502094,-0.0299698400801852,0.0239055503908569,0.105732565523874,0.0947211538763456,0.0445573171935774,0.106086122941828,-0.0090212175792558,0.0210466920723309
"RTQueue",0.0247186054122442,0.0181876984401789,0.0155583936891018,-0.00753071018915244,-0.0905580950838924,-0.0199904700267553,0.0599481219673301,0.053208987446442,-0.0172945515844432,-0.039544258567161,-0.133446071082383,-0.0214657455361627,1,0.0120802359194437,0.00160899117396098,-0.0195645564355283,0.0740290816392942,0.0771493181507951,0.00786672612935084,0.0249454646854548,0.0847667826150971,NA,-0.0408312678218263,-0.0277129561533849,0.0341184106855413,0.0261288840773557,0.043888705482217,-0.0914447058330478,0.0173294306795488,-0.105299515310123,-0.168291425302066,0.0706534305163058,0.206326993858117,0.158924769164221,-0.0647808106640867,-0.0847654122732649,-0.104720163342188,-0.0255820924774601,-0.00561038570237406,-0.0655454994790433,-0.181508772683904,-0.194448874633102,-0.205050429277026,NA,NA,NA,-0.136370219915158,0.0467798733633901,0.116054735363061,-0.0235129269243887,0.011212387040016,-0.18077811799169,-0.198790140062383,-0.104972072605242,-0.0694790321944856,-0.0571764921098015,0.119059187003363,0.146696294544553,-0.154260969789624,-0.112842523247283,0.00698009213823886,-0.0576745607840474,0.0552978210824942,0.108220073534149,-0.0514560926927614,0.0529760140438879,0.102053559494192,0.0236697742387153,-0.0603434799158321,-0.00834558785749672
"VehType2_Small",0.00136295271563957,-0.0157405710257026,0.0216819635795672,-0.0176218574151776,-0.0104772540916747,0.00254204184018633,-0.0171327908090969,-0.00978684731578068,0.00122158674551323,-0.0179929410011499,0.0111640792558589,-0.0410593189094572,0.0120802359194437,1,-0.170031271043015,-0.00576723506105588,-0.0189798737929484,0.01350478993375,-0.0366259835895542,0.0138612503690774,0.00421607878206786,NA,-0.0487162777370116,0.0431045608773953,0.0300534568960485,-0.00302523236025328,-0.0226358404512964,0.0486124209123306,-0.0218403883260238,0.00167968087285325,-0.0275883211854924,0.0370568502909128,0.0192011497368388,-0.021913703369935,-0.0428817846326291,0.0146492887594911,0.0263560577779922,-0.0200402378498887,0.0462543108494533,0.0241544902962552,0.010200574448403,0.0163775019196807,-0.00760723320292967,NA,NA,NA,-0.0308038883956464,-0.00894630635068207,0.0248451175560789,0.0336883117999755,0.0386365096202966,0.00544218683105159,0.00616142786733117,-0.00260562159966487,0.0294146227588279,-0.0378067514876049,0.020757633139766,-0.0199098133387201,-0.0109852163958959,-0.0130279782349358,-0.0319826235429418,0.0164636467767244,-0.004156333455354,0.0263256181997273,0.03082628576915,-0.0201550751667461,0.0427693277042961,-0.0369156356823369,0.0191284567344011,0.000364542294951027
"VehType2_Large",0.0806568845519181,0.0798464723474464,0.0115173390244448,0.0408485882053371,-0.0387636130939017,0.00623408968717745,-0.0208019204737127,-0.0078948614186234,-0.0199894171878779,0.043132439364134,-0.0413705408685827,0.0204176255341237,0.00160899117396098,-0.170031271043015,1,-0.0113865069728782,-5.76514316969374e-05,-0.00381860340264604,0.00776627479459496,-0.00666590674351587,0.0741600564638378,NA,0.0719710385075505,-0.0540139570821382,0.0994824739615472,-0.0835818082554139,-0.0370900040264392,-0.0139822081426125,0.00198398694556479,0.0275704042963305,0.0936118551848115,-0.0865456793606434,-0.160137551285264,-0.0432313883313368,0.0361230066147402,-0.0484348806978941,0.0215529214412511,-0.00517662822637648,0.0309784925190721,0.00810009666213149,0.0744181588413534,-0.0366431838097958,-0.0224331994276489,NA,NA,NA,0.141091011850135,-0.0762738888779223,-0.0989987499395214,0.0130386241008783,0.0125657120503703,-0.0448054297174559,0.117289557553699,-0.0108641961961784,-0.0445748357981899,-0.0517563758479274,-0.00320161999611461,-0.101350995078572,0.162913252715414,-0.0564858394518638,-0.00728523485939666,-0.0900837475824089,-0.0282402229509796,-0.0665107082876409,-0.0206359201583289,0.0336184403924116,-0.0640681841886388,0.0564589886959007,0.00334553742820077,0.0851132357926454
"PRCP_01",-0.0223540958947775,-0.048631975040686,-0.039646493887711,0.00744491400002458,0.00358250722529193,0.0344728948247241,-0.0150799909094582,-0.035520442468789,-0.0178241563302369,-0.0327914810770552,0.032143464430489,0.0355955720176142,-0.0195645564355283,-0.00576723506105588,-0.0113865069728782,1,-0.125245399559629,-0.0130288518191058,-0.099892747187143,-0.0496064949923754,0.0829946316227029,NA,-0.0861823044815642,-0.0523225234210181,-0.0513256947476878,0.0859800468678178,0.047606605399438,-0.00170788886834379,-0.0255187862414843,-0.00643281171871576,0.0177878201755471,-0.0558033375242223,-0.0309587219693566,-0.0755288556938999,-0.0347262294721113,-0.0499531908151406,0.251293923996015,-0.00375270671253889,-0.0214765769447227,-0.0233988570007421,0.0346196208958161,0.0622027632489579,0.0461183502041254,NA,NA,NA,-0.00273549840145764,-0.0853491238288639,-0.0621732898829263,0.0148768881512045,0.0549937238817376,0.0811245385186196,0.0626420461468345,-0.0306158260203899,-0.0843800966805117,-0.0572112892865572,-0.0563159401202159,0.0575527703868454,-0.0331633909285668,-0.00292468624108063,0.0510213665574371,0.0352948405516697,-0.10605511251086,0.0311390263716643,-0.0404284270959414,-0.00852915581015263,-0.0206242496700985,0.0416138344460304,0.0894747178010635,0.0441360072685258
"TEMP",-0.101120295204491,-0.142934514523197,-0.0972592129350346,-0.0293614161577893,-0.184517526154308,0.00435496708869679,0.036799102162473,0.00845151674636446,0.205946901053237,-0.16403593269244,-0.126703505703561,-0.0514343889791164,0.0740290816392942,-0.0189798737929484,-5.76514316969374e-05,-0.125245399559629,1,-0.0450429218833109,0.598287814787152,0.505467892103662,-0.00160370907172019,NA,-0.377552395551314,0.116649856117344,-0.328254922622643,0.136244234684389,-0.113389279641146,-0.0750922023145506,-0.00465864926423211,-0.169117203953448,0.245158474603625,-0.104838198658696,-0.0161661124135245,0.392928904572379,0.391875408383911,-0.235487037259495,-0.456464071047769,0.00292146719893281,0.160311835159025,0.119517363264351,0.0707952229462682,0.00057599562120544,0.0340548160751742,NA,NA,NA,-0.0143974859291049,0.0847963358137764,0.102211592011634,0.22655173801164,0.252312878507919,-0.0621161758776529,-0.0137138104955972,0.147229161667239,-0.151629276844575,-0.20041592595742,-0.0579110986083489,0.0741983163949673,0.179580632940053,0.0146086160956532,-0.295999315733286,-0.179407940530911,-0.0940347233662818,-0.00217190758739379,-0.365464883759223,-0.0195338676022726,0.227631161497787,-0.132404773600693,-0.0497987766964746,-0.00917970302347478
"TEMP_5065",-0.0488095874051566,-0.0398532976030362,-0.0380574391354762,0.0306163409097514,-0.0230801029623463,-0.00727331087939203,-0.00891366147422961,-0.0337580303954232,0.0435520454789974,-0.0525724745434147,-0.0853573818327326,-0.0926881036401235,0.0771493181507951,0.01350478993375,-0.00381860340264604,-0.0130288518191058,-0.0450429218833109,1,-0.354274801955695,-0.175932003914313,0.305568826090235,NA,0.155326442387698,0.0599096212457569,0.0202254705438224,0.0058855031387719,-0.0656756678984159,-0.060354430359786,-0.036871876628677,-0.0427581732818593,-0.0411390545085036,-0.000126274930761779,0.0146578131799858,-0.026099861423479,-0.0949059228664763,-0.127950028994123,-0.224057568742298,0.0458426922979324,0.202802247998223,-0.0538676238237559,-0.0356702103620912,-0.155875509967741,-0.0806563243936539,NA,NA,NA,-0.137665168524514,-0.105990492865242,-0.0454410695771054,-0.0845668066924334,-0.0880497671060889,-0.144221183774453,-0.0859679974314988,-0.0859596517701077,0.0337263556798186,-0.189222775604584,0.138009551804882,0.0135608060588291,-0.0814105057528184,-0.00938582010777276,-0.0864553006055456,0.0161412201342867,-0.129051500537725,0.00712334973515999,-0.130249955616456,-0.186101203056877,0.122402190612559,-0.0564203470710535,0.112003233928781,0.287265894614663
"TEMP_6580",-0.0723237715135862,-0.101671716664523,-0.103152605313198,-0.10823519033126,-0.0886250992723612,0.022889382583006,0.00230727672325174,0.014048059622631,0.106949168853111,-0.141914505404945,-0.0632661684150322,-0.00746891036565952,0.00786672612935084,-0.0366259835895542,0.00776627479459496,-0.099892747187143,0.598287814787152,-0.354274801955695,1,-0.214686283464085,-0.13291384689506,NA,-0.226855423380165,0.0585895446760523,-0.213365485132282,0.0358696263225286,-0.0785372241779321,-0.0300122054325726,-0.0128660554502658,-0.112616500215794,0.192095144802767,0.068617080821801,0.110483149028279,0.46286394474754,0.451938928483717,-0.0863654982794659,-0.306017551353022,-0.0162409107349658,0.0180438100373404,0.0488291191665968,0.039592688092825,-0.00477636589171483,-0.00582823481379207,NA,NA,NA,-0.0909172913551059,0.056910546239502,0.0442509845479257,0.093210154407562,0.100750377223452,-0.0309240744328419,0.00907598011822962,0.162444789191985,-0.211297244576623,-0.0570339809934304,-0.212807919123427,0.214292630123016,0.134116970836073,0.162789284418672,-0.249701112872546,-0.126490434444428,0.0498164285110865,-0.097168067110545,-0.362215554529215,0.125815480566456,-0.131590561827087,-0.165705576831356,-0.176937949492346,-0.0256430228722602
"TEMP_8095",-0.0402049830542506,-0.0643094355147268,-0.0466780608979057,0.0554215070085652,-0.0760905037139951,-0.0213799420366893,0.0516909929022351,0.0262043638217409,0.105911556859239,-0.050433126354085,0.013502752908148,-0.00410611680544578,0.0249454646854548,0.0138612503690774,-0.00666590674351587,-0.0496064949923754,0.505467892103662,-0.175932003914313,-0.214686283464085,1,-0.0205524385538069,NA,-0.214236985294959,0.0711864562496527,-0.110307534449422,0.0857325029230882,-0.0160998626980284,0.0181235368226484,0.0210583044964686,-0.00485631755150432,0.0899394753824994,-0.14351879086314,-0.128544209970648,-0.048270504163963,-0.0116163178653122,-0.107357793085654,-0.151967570782021,-0.0080651967208025,0.0592877904632629,0.155755660214565,0.032480901812743,0.0852464824509679,0.096528308151195,NA,NA,NA,0.0987318149061627,0.0998859107505021,0.0673074170914334,0.236048429418908,0.240841494310991,0.0125600187733977,-0.0184421259991622,0.0942730804929335,0.0243460196503444,-0.0438937097328263,0.0414320636347843,-0.113449760682058,0.12252939236287,-0.135349525493084,-0.0337538947735107,-0.0485674257259003,-0.087939053972528,0.0456572001416797,0.0035836006971588,-0.13629538509424,0.356295837925543,0.017102067212286,0.119285287012982,-0.173042295436554
"Weekday_M_F",-0.065063565813121,-0.0733260025948964,-0.104185353987935,-0.0127128914150924,-0.102495007366195,0.0312075441672036,-0.0136922998797128,-0.0100278643889003,0.0174766682160266,-0.10781158418817,-0.024641018938446,-0.111868782653841,0.0847667826150971,0.00421607878206786,0.0741600564638378,0.0829946316227029,-0.00160370907172019,0.305568826090235,-0.13291384689506,-0.0205524385538069,1,NA,0.0284273793207001,-0.0708264975070553,-0.0379372650070311,-0.0984049509285316,-0.0586580366774542,-0.0402425159178568,-0.0412655505784955,0.00128637800307052,0.0870885949802432,-0.0285125168522256,-0.0473575013816304,0.101978548030938,0.0893592812467899,0.0476242178348034,-0.20500593972344,0.0365075904534716,0.0628704182397456,0.000585719597458891,-0.0511854214476047,-0.146701067781083,-0.119013384734185,NA,NA,NA,-0.112832594399667,0.0464206845799538,0.0773778370878538,0.0128063344790531,0.0166876990641372,-0.16265917749189,0.0120660652176155,-0.0549351235665244,0.0910565049338772,-0.0522758502367862,0.0391243319197203,-0.168098596602279,0.172243738131381,-0.191864315098919,0.0463485763026331,0.0228722048879085,-0.00401652782564168,0.0905039456172069,-0.0892939873181359,-0.157913201850678,-0.10769072163702,-0.265696640437502,-0.00021875487705907,0.214234328254784
"Weekend",NA,NA,NA,NA,NA,NA,NA,NA,NA,NA,NA,NA,NA,NA,NA,NA,NA,NA,NA,NA,NA,NA,NA,NA,NA,NA,NA,NA,NA,NA,NA,NA,NA,NA,NA,NA,NA,NA,NA,NA,NA,NA,NA,NA,NA,NA,NA,NA,NA,NA,NA,NA,NA,NA,NA,NA,NA,NA,NA,NA,NA,NA,NA,NA,NA,NA,NA,NA,NA,NA
"TOD2_0611",0.0524564963942129,0.0677588807238864,0.0853729394916983,-0.00158226745823522,-0.0406901091294709,-0.0256288833600677,-0.0145522064801079,0.0114857635168159,-0.0560893213293117,0.0873688137538179,-0.0742069190981891,0.108816355291881,-0.0408312678218263,-0.0487162777370116,0.0719710385075505,-0.0861823044815642,-0.377552395551314,0.155326442387698,-0.226855423380165,-0.214236985294959,0.0284273793207001,NA,1,-0.28704535033236,0.494409020811787,-0.346203534497769,0.00586432930935192,0.0318928110584142,0.0695283857172032,-0.0161496410029637,-0.0408258186236141,-0.06337818694498,-0.0419740105437459,-0.0310163513436322,-0.0218470388537511,-0.00408880675697529,0.191819643367099,-0.0168781511930964,-0.090848248806399,-0.0617340124393599,0.0307524868856085,-0.017348041009934,-0.0085380113600193,NA,NA,NA,0.205991764702776,-0.051358603433108,0.000655771474568895,-0.0363111283007518,-0.00124533087134848,0.0132151853223897,0.0584086920572416,-0.103899664053034,0.0123113589163518,-0.0499240266931869,0.0667024888660034,-0.0749171703177004,-0.026776753381403,-0.0702230071094742,0.0355816378306255,-0.0636166672665111,0.0322526188852043,0.0559316897017873,0.131156862319466,0.202814979237226,-0.0646862714143917,0.157811157950939,-0.0429019298428311,-0.0133441885876987
"TOD2_1805",-0.02586392293642,0.0162672875268735,-0.0473853721017051,-0.0455696458591518,0.157212830843686,-0.0295467354245016,0.0277978934859523,0.0250353466415631,0.0196078431372549,-0.049268114838918,0.0506436606893434,0.0112985475461274,-0.0277129561533849,0.0431045608773953,-0.0540139570821382,-0.0523225234210181,0.116649856117344,0.0599096212457569,0.0585895446760523,0.0711864562496527,-0.0708264975070553,NA,-0.28704535033236,1,-0.141917810586398,-0.21284003141392,0.0505903553621823,0.0730502743210536,0.0235201899686375,0.0741997255204342,0.00489599665759803,0.0910119584964576,0.0262262557343002,-0.0546198540698676,-0.0918653752478235,0.00575511569395164,-0.146413923765675,-0.0103763996383194,0.107586086695582,0.139613355409531,-0.0619899511531697,-0.0048467290493656,-0.0398067552394143,NA,NA,NA,-0.0915669756271122,-0.0272762980525931,0.00821649288920256,0.0941855073160103,0.0451561356334331,-0.0786689891096788,-0.0526298536612292,0.0740723460643583,0.05971981030971,-0.0396576883829141,0.0671206743964004,-0.0299107239433335,0.0229305364360712,0.0183950105261966,-0.066227109711702,0.00544993086950623,-0.0449174318947314,-0.0178974312795883,-0.0207066224486747,-0.151989603815804,0.118312305934468,-0.107956569376486,-0.00265498596935272,0.0663260859882066
"AMPeak",0.141203629585587,0.166987197064398,0.190206096043074,0.0626100021469791,-0.0212712587609628,0.0173839633305658,-0.0335326375507422,-0.0427006115481648,-0.0630745824828437,0.141600356736145,0.0273841949330391,0.155116162510374,0.0341184106855413,0.0300534568960485,0.0994824739615472,-0.0513256947476878,-0.328254922622643,0.0202254705438224,-0.213365485132282,-0.110307534449422,-0.0379372650070311,NA,0.494409020811787,-0.141917810586398,1,-0.171166150492622,0.0183874209226279,0.0734905785701976,0.115591413470558,0.0221451640327024,-0.107488343956474,-0.059330445362722,-0.057813903647169,-0.102369413438857,-0.122952412666127,-0.0297531602620063,0.194953061566699,-0.00834471020449211,-0.0950582321641638,-0.0520308928313355,-0.0430251173417474,-0.0637559553100085,-0.0655307330459639,NA,NA,NA,0.288626367153011,-0.0408653057418798,0.0240457447644539,-0.0865230495757154,-0.0973934447842092,-0.0432383907941709,-0.0251159204675139,-0.0680789135366399,0.0303333250607844,-0.0866538270801045,0.205104571135087,-0.194556090182387,-0.0242597608174101,-0.0824044742748161,0.0716894058727234,-0.063116920665678,0.013018392400159,0.0814996120235918,0.256081444116007,0.266845071633732,-0.0466550185883495,0.212494197006919,-0.027311697597084,0.00971361723447892
"PMPeak",-0.0447625891475231,-0.0399802712926491,-0.0583310442106726,0.0226909789590009,0.0441385567652563,0.0740283700374321,-0.0195156343214446,-0.0161201614804641,0.00741233940247484,-0.0506871574806294,0.0382669731089578,-0.0250550594444211,0.0261288840773557,-0.00302523236025328,-0.0835818082554139,0.0859800468678178,0.136244234684389,0.0058855031387719,0.0358696263225286,0.0857325029230882,-0.0984049509285316,NA,-0.346203534497769,-0.21284003141392,-0.171166150492622,1,-0.0299735221556163,-0.0505922246706793,-0.0665861163457848,0.0127181738099583,0.0126601104941763,0.0433981064296543,0.0776256010462267,0.0440604329911553,0.0377778283271307,-0.0187723408123561,-0.0697645015421747,0.0487521053694073,0.0544871497849804,-0.0478740666786374,0.0102445171877794,0.0286463897055944,0.0684575973853363,NA,NA,NA,-0.12859321808636,0.0722086308829257,-0.0348014295643119,-0.0653808748963084,-0.0819249416491167,0.0568391756472927,-0.0420213137970539,-0.00838140669971863,-0.0531867736349354,0.0769430748054061,-0.060313447930111,0.101310530307625,-0.0744043220073918,0.0922971970272206,0.0339612869770924,0.0623305540538164,0.0141696939738873,-0.0643362428462874,-0.0754063554331188,-0.0758956893720249,0.00531985019093329,-0.0493980567367395,0.0170401988907907,-0.0435441217655703
"PEDCP_ped_FDW",0.0297073241585366,0.0511474821662106,0.0252828665609804,0.055973368859175,-0.000488706146956281,-0.0170108417062146,0.0397728710791657,0.0136776456619775,-0.0965815875096208,0.0641897470261039,-0.0471811701267615,0.292872936761212,0.043888705482217,-0.0226358404512964,-0.0370900040264392,0.047606605399438,-0.113389279641146,-0.0656756678984159,-0.0785372241779321,-0.0160998626980284,-0.0586580366774542,NA,0.00586432930935192,0.0505903553621823,0.0183874209226279,-0.0299735221556163,1,-0.27188010466483,0.0552414054981285,-0.0607624433215076,-0.217014177954138,0.170067038311124,0.129651707002201,-0.0463319622594005,-0.221394368605999,0.0299136243542869,0.0662971200372227,-0.0167123636298114,-0.119167625855253,-0.069274654208547,-0.24481980518959,-0.225419946239126,-0.183687259919627,NA,NA,NA,0.0690708911204393,0.0589416383575906,0.131540151975951,-0.0907027909317085,-0.102684570395883,-0.213095264840699,-0.203882317103109,-0.109208378174416,0.066823430861409,0.013567505631857,0.212452823814862,-0.0641904146380468,-0.0810168214365519,-0.147596741514827,0.046418103791228,0.0883447912824083,-0.0182059590093161,0.161437527399635,0.180688754695197,0.0601554386207147,0.00801831524669717,0.0282102136832225,-0.0466350348003833,-0.094229374561948
"PEDCP_ped_SDW",0.0499715513651285,0.0207851028773069,0.0528853654618518,-0.00313700119186016,0.024269341326988,-0.0149655938460962,-0.0219546204187979,-0.00649599028856572,0.0434352982449508,0.0158205314011765,0.176665317076578,0.0543588709599885,-0.0914447058330478,0.0486124209123306,-0.0139822081426125,-0.00170788886834379,-0.0750922023145506,-0.060354430359786,-0.0300122054325726,0.0181235368226484,-0.0402425159178568,NA,0.0318928110584142,0.0730502743210536,0.0734905785701976,-0.0505922246706793,-0.27188010466483,1,0.094336069809655,0.331353489122831,0.0261330976964621,0.0936508543274512,-0.0773825849749402,-0.115763783227931,-0.0972330715387239,0.069828290288471,0.00647234011685762,-0.00992568751355062,0.033019998175583,0.148978361030304,-0.0212832157601724,-0.043677933242125,-0.0589899351386343,NA,NA,NA,0.156328150207508,0.0354102838251001,-0.0193882180378871,0.095705336446187,0.0129722287536718,-0.126560016062189,0.0238470674131113,0.0828416539294798,0.0384451107171272,0.0424877516656327,0.0338104946831261,-0.184086734847133,0.211437756958633,-0.0542442945316754,0.0166871976282243,-0.100023345140962,0.0259932532829923,-0.0606370322898584,0.129309065657067,0.0204654197628132,-0.0529146893094091,-0.0142960528634747,-0.0502352248761355,-0.0192123946896847
"VEHCP_veh_Y",0.0158505755171795,0.0285052525096482,0.085407801074102,0.0684454317884082,-0.0301679842440983,-0.0137234054840254,0.0592789306869245,-0.022433145914447,-0.0601071521420736,0.0361433809698686,0.0229271479616597,0.10964707533509,0.0173294306795488,-0.0218403883260238,0.00198398694556479,-0.0255187862414843,-0.00465864926423211,-0.036871876628677,-0.0128660554502658,0.0210583044964686,-0.0412655505784955,NA,0.0695283857172032,0.0235201899686375,0.115591413470558,-0.0665861163457848,0.0552414054981285,0.094336069809655,1,-0.0928745463995791,-0.0740463981347319,-0.0212054345678195,-0.00538465671529956,-0.0366844468169015,-0.0692233856058251,-0.0174886947421893,0.0486665243739998,-0.00414893314162415,0.00901742841702306,-0.0010589815293375,-0.0528649353040156,-0.0483047443828603,-0.0348975834412531,NA,NA,NA,0.114306429293076,0.0303117763164657,0.0587985768763709,0.00581906137726156,0.00734886341096675,-0.0529020326630319,-0.0362958698635238,-0.0145736048889096,0.0144856130827906,-0.0449905231841981,0.115407499597282,-0.07810055259026,-0.00530363693959626,-0.0553716661501454,-0.00333381482154938,-0.046802356671572,-0.016428637013932,0.0822300132921137,0.118075208958028,0.103181740921019,0.0519800282668974,0.0866416504446799,-0.0166847129889291,-0.0165527070060821
"VEHCP_veh_R",-0.0333800453228529,-0.0232730764244951,-0.0589094788513954,-0.049881765041235,0.0958101178173908,-0.0794015476325905,-0.0255834775719296,0.0266154725672231,-0.0145173376018241,-0.0425398608712567,0.62814878521545,-0.0276808985089051,-0.105299515310123,0.00167968087285325,0.0275704042963305,-0.00643281171871576,-0.169117203953448,-0.0427581732818593,-0.112616500215794,-0.00485631755150432,0.00128637800307052,NA,-0.0161496410029637,0.0741997255204342,0.0221451640327024,0.0127181738099583,-0.0607624433215076,0.331353489122831,-0.0928745463995791,1,-0.00434003866196434,0.156787148236111,-0.0520616736077023,-0.166516320871873,-0.199944909324416,0.123923991162412,-0.148190557062973,0.0446724458149596,-0.0544872108795705,0.249828195966749,-0.111405126497377,-0.0388304832861719,-0.075684198417081,NA,NA,NA,-0.0376814289635143,0.0233499758444841,-0.0472309729776508,0.139449692702118,0.0163827441552144,-0.174147497735016,-0.065165885324123,0.148820575106828,0.0756024050964403,0.18379276706711,-0.0379293152403275,-0.149099422909913,0.201368634937053,-0.0943084198294002,0.0902235291971814,-0.0165384964875926,0.0927268741084275,-0.11746586898074,0.085606912798933,-0.135992619799847,-0.135712252125904,-0.0945229467374933,0.0331421230382611,-0.0392402926341399
"CURB_RAD",-0.107639927993875,-0.183272278305494,-0.128700163303817,-0.149799731341153,0.13081107665004,0.0356702734150856,-0.0584940132790243,0.0245593521112138,0.117004328286679,-0.165698874947503,0.0805012923175083,-0.0228017029089302,-0.168291425302066,-0.0275883211854924,0.0936118551848115,0.0177878201755471,0.245158474603625,-0.0411390545085036,0.192095144802767,0.0899394753824994,0.0870885949802432,NA,-0.0408258186236141,0.00489599665759803,-0.107488343956474,0.0126601104941763,-0.217014177954138,0.0261330976964621,-0.0740463981347319,-0.00434003866196434,1,-0.110629213307056,-0.560678695245488,-0.0526814687240191,0.549024336457084,-0.252922861584243,0.0176107118651849,-0.0160920517827988,0.315703781358469,0.195150320297326,0.703359786154834,0.529382314159762,0.3901710678576,NA,NA,NA,0.0626747100057962,-0.528475846144984,-0.667839505350261,0.184012990055615,0.15224779307192,0.483393277388886,0.708382875107042,0.18449721428364,-0.479244744451958,-0.267218505107454,-0.381426595122441,-0.111533562814103,0.621716164118942,0.243804657157707,-0.185335236371055,-0.0721490469605453,-0.414650518805875,-0.610241005224064,-0.586488552035242,-0.27870279114039,-0.158006407644551,-0.0338574994111056,0.184753013866214,0.334293081523496
